Starting training
tensor([[ 0.4364,  0.3569,  0.0997,  ..., -0.2429,  0.2005, -0.1115],
        [ 0.2155,  0.2338,  0.1724,  ..., -0.2152,  0.1254, -0.0728],
        [ 0.4088,  0.2419,  0.1411,  ..., -0.1512,  0.1597,  0.0040],
        ...,
        [ 0.3835,  0.2096,  0.1460,  ..., -0.1544,  0.1936, -0.0732],
        [ 0.3526,  0.1558,  0.1728,  ..., -0.1927,  0.1814, -0.0428],
        [ 0.5143,  0.2656,  0.2175,  ..., -0.2034,  0.4314, -0.0447]],
       device='cuda:0', grad_fn=<MmBackward0>)
tensor([ 322,  200,  600,  990,  901,  186,  199,  637,  563,  425,  987,  601,
           9,  304,  914,  268,  644,  975,  730,  229,   77,  535,  922,  229,
         685,  439,  118,  181,  537,  642,  468,  992,  476,  852,  917,  233,
          39,  311,  147,  192,  741,  528,  790,  960,  806,  496,  181,  990,
         303,  463,  242,   33,  421,    9,  173,  608,  705,  539,  734,  879,
         214,  283,  976,  885,   22,  117,  274,  579,  905,  873,  450,  825,
         236,  303,  576,  206,  128,  802,   64,  740,  975,  450,  878,  741,
         173,  326,  290,  380,  917,  933,   45,  832,  912,  348,  581,  229,
         653,  627,  833,  560,  925,  547,  986,  454,  941,  690,   73,  601,
         357,  665,  522,  747,  303,  730,  940,  262,  871,  590,  605,  611,
         148,  976, 1003,  590,  601,  964,  652,  991])
Epoch [0/100]	 Loss: 0.0	 lr: 0.0003
